39.3123 123.8359 47.6324 47.9579 59.0308 5080.9007 107.8629 
37.6331 87.626 50.4456 54.0634 49.9296 5084.6485 47.735 
38.0602 74.8693 44.9246 44.7244 17.1841 5197.4463 45.3083 
38.0123 65.6643 49.2289 50.2512 16.6778 5084.9484 48.633 
37.539 69.3557 64.317 48.2225 19.6336 5057.525 49.6776 
37.173 71.1575 48.3017 47.3877 17.0849 5070.1938 49.2425 
37.9016 66.6952 45.0802 46.874 18.1489 5088.7515 68.1509 
37.494 69.532 49.1414 47.8824 17.5657 5077.5194 44.1628 
38.0669 72.074 47.719 45.196 18.1173 5062.9381 47.6004 
37.2656 86.5891 47.2594 75.0291 17.3764 5071.8318 47.9037 
38.4216 74.3327 47.8281 47.3529 17.7516 5056.4701 46.3056 
39.6008 48.3086 54.6702 46.2323 17.5384 5056.3416 44.0115 
46.0981 68.7595 50.8391 46.9857 17.6281 5122.1376 288.0796 
37.9525 58.4061 47.2655 56.6533 17.7395 5062.8264 47.1575 
38.065 72.4651 47.7205 49.7649 17.5095 5094.1953 44.2491 
38.2889 69.2625 62.7629 48.2344 18.7259 5069.9209 42.4092 
40.0022 70.7975 50.0386 46.5462 18.1192 5070.6283 47.8459 
38.3604 73.0665 44.5273 48.4211 17.9531 5067.7298 44.8425 
38.7629 73.0806 52.9348 43.8188 17.3415 5085.5434 45.5548 
38.8546 289.6997 48.8358 58.6285 17.7684 5072.085 49.9219 
57.4539 75.5001 45.7354 48.9711 17.8444 5075.8442 45.6461 
38.7131 68.1342 48.1314 47.6764 17.3483 5084.3273 49.9257 
39.0614 71.9291 47.3928 48.1652 17.8892 5060.0692 47.2883 
38.3813 71.4178 50.8828 49.3334 17.6053 5077.4681 45.5476 
57.4782 255.2391 78.4382 68.5577 17.8828 5304.3175 45.8696 
38.3034 85.0161 48.8966 45.1827 17.2358 5068.7683 48.5104 
38.1931 72.9335 45.9741 261.1932 17.4738 5082.5771 47.1537 
38.9865 69.8692 45.0044 46.9872 17.4038 5079.1198 351.0002 
38.934 72.4777 47.1119 46.8716 17.2118 5067.3405 45.6548 
38.528 89.4877 47.6657 45.7856 17.4665 5089.8925 47.2202 
38.0973 66.7258 44.6752 47.1423 17.9702 5066.4225 46.3223 
42.7304 75.0231 48.9791 47.8129 17.8497 5080.6168 42.9015 
38.7576 87.6436 50.0963 46.1844 17.6224 5076.647 44.3358 
34.4568 70.0828 45.537 50.0671 16.8013 5076.3866 46.0623 
36.1624 81.2432 42.995 79.5813 18.461 5083.8947 49.9021 
37.7491 69.1572 44.9995 47.2841 17.078 5073.2186 44.7718 
38.2642 69.6555 45.1922 49.6702 17.0545 5099.3435 45.4317 
37.6484 95.9994 44.1571 46.517 16.9727 5088.3434 50.8262 
37.7465 88.2895 49.915 46.057 18.4119 5080.1868 40.3895 
37.0451 72.797 49.9097 49.5733 17.0244 5084.7895 47.8604 
37.261 68.6725 46.9994 46.2539 17.3095 5088.0378 45.1363 
36.9904 72.4423 44.9231 48.5864 17.2719 5084.2342 45.8179 
37.2158 72.0249 46.1034 45.3629 31.7456 5072.2017 44.162 
37.7658 76.4824 48.7202 44.9261 16.8834 5086.4576 46.1844 
37.4454 71.311 46.9929 49.0445 17.1963 5074.048 42.7814 
37.2599 73.9994 44.565 46.3687 17.0005 5083.9833 44.6547 
37.3846 70.9085 46.5641 45.1211 36.105 5058.2434 41.8592 
36.9352 70.3455 48.5013 47.8657 16.6181 5066.3905 46.2273 
37.293 86.8887 46.639 47.3404 16.4261 5077.7084 42.3552 
37.1523 70.7078 48.3641 45.8171 5013.2827 5077.1032 46.6884 
37.5005 70.8845 44.7493 45.6662 16.753 5064.7195 45.9521 
38.5216 86.3109 44.0902 47.8144 17.2122 5069.9779 46.5212 
38.1509 69.2286 48.125 48.8362 16.8469 5062.1049 41.3414 
37.7514 66.7699 46.1608 43.8385 16.9644 5088.9365 45.4838 
37.9289 67.5686 45.6058 44.3757 16.8933 5081.206 44.7436 
38.1817 72.567 48.8624 44.3635 13.7819 5089.2961 45.2922 
37.1671 70.8013 62.0794 47.6236 17.1005 5083.9684 44.7429 
37.5933 73.4025 45.6776 50.0724 17.029 5088.4233 45.9931 
38.447 72.9399 45.2063 48.2998 17.0894 5089.1433 41.8892 
37.0645 72.3686 45.0766 54.0787 17.2248 5078.5884 46.9697 
37.1227 67.2417 47.3004 47.676 16.8366 5073.9043 45.0059 
37.0531 73.9313 44.6159 45.7601 17.0241 5068.1586 43.9271 
38.0255 72.2751 49.1943 45.8126 16.9191 5087.151 44.1103 
37.4389 68.4733 46.8625 44.124 16.7694 5085.6 45.1055 
38.2338 69.6133 45.0979 47.8703 17.0564 5073.9028 44.265 
37.2314 73.9921 45.4005 47.5046 16.9663 5079.9333 46.0437 
34.8684 67.4652 46.3007 47.7243 5000.6253 94.0101 46.7261 
38.3497 70.5652 49.2239 43.1421 17.0282 5078.9715 45.4883 
37.8354 67.4732 43.3805 47.7794 16.6827 5082.0107 43.6576 
37.997 69.6426 49.1335 47.4312 16.9397 5083.5054 44.5958 
37.2694 71.2593 45.7613 44.4844 17.1685 5083.9365 48.4378 
37.6507 69.2408 44.0712 46.3691 16.8937 5087.4087 43.8404 
37.6651 63.3403 44.8459 44.3251 16.745 5078.5602 47.0184 
37.372 69.6392 44.6075 44.2669 16.2375 5071.0879 43.9089 
38.4322 70.7097 45.87 44.232 16.6895 5066.0123 42.9114 
37.3899 70.6963 47.2643 47.4673 16.9762 5068.5626 45.6046 
37.7487 74.2278 47.1849 44.9185 16.8408 5061.5829 49.6527 
37.6028 69.3009 45.0432 47.6513 16.872 5070.6572 44.3411 
37.3374 70.0995 46.991 47.1963 16.6188 5090.2012 44.3 
37.9137 73.1098 47.4996 47.3894 16.9495 5083.2964 42.4237 
37.4268 70.4029 44.0278 46.9994 17.0054 5074.0682 48.4971 
38.0734 70.488 45.2667 46.7348 16.7979 5078.2041 46.5607 
37.4986 69.3385 47.1358 45.0322 17.0062 5088.0625 45.4807 
37.8301 67.7385 46.5968 43.5645 17.5676 5090.4091 44.8083 
37.0694 67.6488 47.9505 44.974 16.7697 5064.659 45.9958 
37.7575 69.8578 47.4506 45.2549 16.7009 5059.6465 43.2022 
38.352 67.6347 47.0784 46.8066 16.753 5074.5692 45.4526 
38.0848 89.2033 47.1769 47.0758 16.9986 5099.3214 41.693 
37.6222 66.9383 48.139 46.1927 17.0164 5090.9158 45.5815 
37.6659 70.5089 45.7255 45.2614 16.7492 5089.5576 44.8421 
37.7864 67.1231 48.2538 47.5506 16.8488 5063.2289 44.1042 
37.7522 68.9105 46.3649 43.9617 17.0282 5068.7717 43.5447 
37.6248 72.3735 69.1442 44.7524 16.856 5066.7726 44.3057 
37.3348 73.4527 47.6361 46.3018 16.9522 5064.3614 45.2979 
37.5724 67.3188 43.371 46.7131 16.9009 5085.329 48.2508 
37.174 68.6033 46.9161 48.9039 16.8663 5078.9035 42.3853 
37.9114 74.4221 47.4209 48.5788 17.0164 5081.4052 45.2348 
37.0656 71.8504 44.814 47.037 16.742 5092.6135 45.4389 
37.4036 69.2811 51.9902 45.5073 16.8511 5083.6799 45.7974 
37.4059 72.67 49.4733 46.4227 16.8807 5079.3589 46.4018 
37.6739 71.7733 50.2917 44.5897 16.8477 5061.5525 47.0298 
37.3025 70.8241 43.3599 46.7139 17.1122 5065.1452 43.875 
37.1576 67.9768 47.7296 43.6371 17.0332 5070.6108 43.0748 
37.4492 69.7076 42.3807 47.8843 17.0172 5060.1282 44.2559 
37.553 73.1699 47.6699 47.3879 17.1472 5071.9326 41.4053 
37.6039 67.6123 46.9519 64.8502 16.7853 5065.0236 45.697 
37.9749 71.005 46.0696 45.2648 17.1358 5064.7552 46.4489 
38.0255 71.1308 48.4979 48.6632 17.2734 5061.0021 42.938 
37.6408 65.5253 46.7439 46.4774 17.8877 5084.1361 45.8008 
37.6024 68.4429 47.4415 45.6689 16.8412 5073.4512 43.0307 
37.7495 72.7213 51.1642 48.6955 16.8131 5087.4258 45.3097 
38.1867 72.0819 46.9872 63.6269 17.4107 5081.0809 43.179 
37.5142 70.4861 46.9568 47.9938 16.9598 5092.4755 49.0301 
37.8141 67.645 43.8477 46.0832 16.8667 5089.5074 41.9166 
38.0753 72.5282 46.6409 45.4313 16.8883 5082.4049 46.2117 
37.4332 67.0295 47.4514 41.5623 14.0818 5084.5596 46.8013 
38.1217 72.1918 46.3946 48.0664 17.059 5071.9637 47.8429 
37.7947 66.8687 47.0773 46.2767 16.9142 4985.3495 5025.1784 
37.8822 74.3232 44.8596 47.5757 17.0339 5073.2817 46.6721 
36.9485 69.1488 49.6136 44.4414 16.8404 5076.6919 45.597 
37.6659 68.9827 48.4853 43.4569 16.9948 5076.1639 45.5659 
37.445 73.1285 44.2312 47.9858 16.8747 5070.9571 44.511 
32.499 70.2067 39.2731 40.9981 14.5585 5081.9073 38.5995 
37.5796 66.3727 44.2267 48.7636 17.5293 5070.5884 43.8667 
37.0538 70.2911 42.4723 45.8726 16.8887 5082.8326 48.3397 
37.5271 68.8527 46.7416 44.8843 16.994 5061.4058 46.0582 
37.7609 65.4539 49.4068 45.624 16.8614 5055.3027 46.5109 
37.7887 67.8651 46.1479 49.4737 16.6952 5086.5271 45.6461 
38.1102 73.5782 45.9544 44.4836 16.9628 5076.547 48.3473 