0  0  108  108  0  0  108  0  0  108  108  0  108  0  108  108  0  108  0  0  108  108  108  108  0  0  0  108  0  0  0  0  0  0  0  0  0  0  0  0  0  0  28  0  101  108  0  0  0  
0  0  108  108  0  0  108  0  0  108  108  0  108  0  108  108  0  108  0  0  108  108  108  108  0  0  0  108  0  0  0  0  0  0  0  0  0  0  0  0  0  0  107  0  108  107  0  0  0  
0  0  108  108  0  0  108  0  0  108  108  0  108  0  108  108  0  108  0  0  108  108  108  108  0  0  0  108  0  0  0  0  0  0  0  0  0  0  0  0  0  0  108  0  108  108  0  0  0  
0  0  38  107  0  0  38  0  0  108  108  0  108  0  108  108  0  108  0  0  108  107  107  107  0  0  0  107  0  0  0  0  0  0  0  0  0  0  0  0  0  0  108  0  108  0  0  0  0  
0  0  108  108  0  0  108  0  0  108  108  0  108  0  108  108  0  108  0  0  108  108  108  108  0  0  0  108  0  0  0  0  0  0  0  0  0  0  0  0  0  0  107  0  107  107  0  0  0  
0  0  108  108  0  0  108  0  0  108  108  0  108  0  108  108  0  108  0  0  108  108  107  108  0  0  0  107  0  0  0  0  0  0  0  0  0  0  0  0  0  0  108  0  108  108  0  0  0  
0  0  108  108  0  0  108  0  0  108  108  0  108  0  108  108  0  108  0  0  108  108  108  108  0  0  0  108  0  0  0  0  0  0  0  0  0  0  0  0  0  0  108  0  108  108  0  0  0  
0  0  108  108  0  0  108  0  0  108  108  0  108  0  108  108  0  108  0  0  108  108  108  107  0  0  0  0  0  0  0  0  0  0  0  0  0  0  0  0  0  0  108  0  108  0  0  0  0  
0  0  104  108  0  0  108  0  0  43  0  0  108  0  108  108  0  108  0  0  108  108  0  108  0  0  0  0  0  0  0  0  0  0  0  0  0  0  0  0  0  0  108  0  108  0  0  0  0  
0  0  108  108  0  0  103  0  0  108  0  0  94  0  108  108  0  108  0  0  108  108  0  108  0  0  0  0  0  0  0  0  0  0  0  0  0  0  0  0  0  0  108  0  108  0  0  0  0  
0  0  108  108  0  0  108  0  0  108  108  0  108  0  108  108  0  108  0  0  108  108  108  108  0  0  0  0  0  0  0  0  0  0  0  0  0  0  0  0  0  0  108  0  108  0  0  0  0  
0  0  108  108  0  0  108  0  0  108  107  0  107  0  108  108  0  108  0  0  108  108  108  108  0  0  0  0  0  0  0  0  0  0  0  0  0  0  0  0  0  0  108  0  108  0  0  0  0  
0  0  108  108  0  0  108  0  0  108  108  0  108  0  108  108  0  108  0  0  108  108  108  108  0  0  0  0  0  0  0  0  0  0  0  0  0  0  0  0  0  0  108  0  108  0  0  0  0  
0  0  108  108  0  0  108  0  0  107  107  0  106  0  108  108  0  108  0  0  108  108  108  108  0  0  0  0  0  0  0  0  0  0  0  0  0  0  0  0  0  0  108  0  108  0  0  0  0  
0  0  108  108  0  0  108  0  0  108  108  0  102  0  108  108  0  108  0  0  108  108  108  108  0  0  0  0  0  0  0  0  0  0  0  0  0  0  0  0  0  0  108  0  108  0  0  0  0  
0  0  108  108  0  0  108  0  0  108  108  0  108  0  108  108  0  108  0  0  108  108  108  108  0  0  0  0  0  0  0  0  0  0  0  0  0  0  0  0  0  0  82  0  86  0  0  0  0  
0  0  108  108  0  0  108  0  0  108  108  0  108  0  108  108  0  108  0  0  108  108  108  108  0  0  0  0  0  0  0  0  0  0  0  0  0  0  0  0  0  0  108  0  108  0  0  0  0  
0  0  108  107  0  0  107  0  0  108  105  0  105  0  108  108  0  108  0  0  108  108  108  108  0  0  0  0  0  0  0  0  0  0  0  0  0  0  0  0  0  0  108  0  108  0  0  0  0  
0  0  108  108  0  0  108  0  0  108  108  0  108  0  108  108  0  108  0  0  108  108  108  108  0  0  0  0  0  0  0  0  0  0  0  0  0  0  0  0  0  0  108  0  108  0  0  0  0  
0  0  108  108  0  0  108  0  0  0  108  0  108  0  108  0  0  108  0  0  108  108  108  108  0  0  0  0  0  0  0  0  0  0  0  0  0  0  0  0  0  0  106  0  106  0  0  0  0  
0  0  108  108  0  0  108  0  0  0  108  0  108  0  108  0  0  108  0  0  108  108  108  108  0  0  0  0  0  0  0  0  0  0  0  0  0  0  0  0  0  0  108  0  108  0  0  0  0  
0  0  108  108  0  0  108  0  0  0  108  0  107  0  108  0  0  108  0  0  108  108  108  108  0  0  0  0  0  0  0  0  0  0  0  0  0  0  0  0  0  0  100  0  98  0  0  0  0  
0  0  108  108  0  0  108  0  0  0  101  0  108  0  108  0  0  108  0  0  108  108  108  108  0  0  0  0  0  0  0  0  0  0  0  0  0  0  0  0  0  0  108  0  108  0  0  0  0  
0  0  92  92  0  0  92  0  0  0  108  0  108  0  108  0  0  108  0  0  108  108  108  108  0  0  0  0  0  0  0  0  0  0  0  0  0  0  0  0  0  0  108  0  108  0  0  0  0  
0  0  108  108  0  0  108  0  0  0  108  0  108  0  108  0  0  108  0  0  108  108  108  108  0  0  0  0  0  0  0  0  0  0  0  0  0  0  0  0  0  0  108  0  108  0  0  0  0  
0  0  108  108  0  0  108  0  0  0  108  0  108  0  108  0  0  108  0  0  108  108  108  108  0  0  0  0  0  0  0  0  0  0  0  0  0  0  0  0  0  0  70  0  70  0  0  0  0  
0  0  108  108  0  0  108  0  0  0  104  0  108  0  108  0  0  108  0  0  108  108  108  108  0  0  0  0  0  0  0  0  0  0  0  0  0  0  0  0  0  0  107  0  107  0  0  0  0  
0  0  108  108  0  0  108  0  0  0  108  0  108  0  108  0  0  108  0  0  106  108  108  108  0  0  0  0  0  0  0  0  0  0  0  0  0  0  0  0  0  0  108  0  108  0  0  0  0  
0  0  108  108  0  0  108  0  0  0  108  0  108  0  108  0  0  108  0  0  108  108  108  108  0  0  0  0  0  0  0  0  0  0  0  0  0  0  0  0  0  0  108  0  108  0  0  0  0  
0  0  108  108  0  0  108  0  0  0  108  0  108  0  108  0  0  108  0  0  108  108  107  108  0  0  0  0  0  0  0  0  0  0  0  0  0  0  0  0  0  0  108  0  108  0  0  0  0  
0  0  108  108  0  0  108  0  0  0  108  0  108  0  108  0  0  108  0  0  108  108  108  108  0  0  0  0  0  0  0  0  0  0  0  0  0  0  0  0  0  0  108  0  108  0  0  0  0  
0  0  108  108  0  0  108  0  0  0  57  0  108  0  108  0  0  108  0  0  108  39  108  39  0  0  0  0  0  0  0  0  0  0  0  0  0  0  0  0  0  0  108  0  108  0  0  0  0  
0  0  108  108  0  0  108  0  0  108  108  0  108  0  108  108  0  108  0  0  108  108  108  108  0  0  0  0  0  0  0  0  0  0  0  0  0  0  0  0  0  0  106  0  108  0  0  0  0  
0  0  108  0  0  0  108  0  0  0  108  0  107  0  108  0  0  108  0  0  108  0  108  108  0  0  0  108  0  0  0  0  0  0  0  0  0  0  0  0  0  0  90  0  108  90  0  0  0  
0  0  108  0  0  0  108  0  0  0  108  0  108  0  108  0  0  108  0  0  108  108  108  108  0  0  0  108  0  0  0  0  0  0  0  0  0  0  0  0  0  0  108  0  108  0  0  0  0  
0  0  108  108  0  0  108  0  0  0  0  0  0  0  108  0  0  108  0  0  108  108  108  108  0  0  0  0  0  0  0  0  0  0  0  0  0  0  0  0  0  0  108  0  108  0  0  0  0  
0  0  108  108  0  0  108  0  0  0  108  0  107  0  108  0  0  108  0  0  108  108  108  108  0  0  0  0  0  0  0  0  0  0  0  0  0  0  0  0  0  0  108  0  107  0  0  0  0  
0  0  108  108  0  0  108  0  0  108  106  0  106  0  108  108  0  108  0  0  108  106  108  106  0  0  0  0  0  0  0  0  0  0  0  0  0  0  0  0  0  0  108  0  108  0  0  0  0  
0  0  108  108  0  0  108  0  0  108  108  0  108  0  108  0  0  108  0  0  108  108  108  108  0  0  0  0  0  0  0  0  0  0  0  0  0  0  0  0  0  0  108  0  108  0  0  0  0  
0  0  108  108  0  0  108  0  0  108  108  0  108  0  108  0  0  108  0  0  108  108  108  108  0  0  0  0  0  0  0  0  0  0  0  0  0  0  0  0  0  0  108  0  108  0  0  0  0  
0  0  108  108  0  0  108  0  0  108  108  0  108  0  108  108  0  108  0  0  108  108  108  108  0  0  0  0  0  0  0  0  0  0  0  0  0  0  0  0  0  0  108  0  108  0  0  0  0  
0  0  108  108  0  0  108  0  0  108  108  0  108  0  108  0  0  108  0  0  108  108  108  108  0  0  0  0  0  0  0  0  0  0  0  0  0  0  0  0  0  0  108  0  108  0  0  0  0  
0  0  108  108  0  0  108  0  0  108  108  0  108  0  108  0  0  108  0  0  108  108  108  108  0  0  0  0  0  0  0  0  0  0  0  0  0  0  0  0  0  0  108  0  108  0  0  0  0  
0  0  108  108  0  0  108  0  0  108  108  0  108  0  108  108  0  108  0  0  108  108  0  108  0  0  0  0  0  0  0  0  0  0  0  0  0  0  0  0  0  0  108  0  108  0  0  0  0  
0  0  108  107  0  0  108  0  0  108  108  0  108  0  108  99  0  108  0  0  108  99  108  99  0  0  0  0  0  0  0  0  0  0  0  0  0  0  0  0  0  0  108  0  108  0  0  0  0  
0  0  108  108  0  0  108  0  0  95  95  0  108  0  108  0  0  108  0  0  108  108  108  108  0  0  0  0  0  0  0  0  0  0  0  0  0  0  0  0  0  0  108  0  108  0  0  0  0  
0  0  108  108  0  0  108  0  0  0  108  0  108  0  108  0  0  108  0  0  108  108  108  108  0  0  0  0  0  0  0  0  0  0  0  0  0  0  0  0  0  0  108  0  108  0  0  0  0  
0  0  108  108  0  0  108  0  0  108  108  0  108  0  108  0  0  108  0  0  108  106  108  106  0  0  0  0  0  0  0  0  0  0  0  0  0  0  0  0  0  0  108  0  108  0  0  0  0  
0  0  108  108  0  0  108  0  0  108  108  0  108  0  108  0  0  108  0  0  108  108  108  108  0  0  0  0  0  0  0  0  0  0  0  0  0  0  0  0  0  0  103  0  107  0  0  0  0  
0  0  108  108  0  0  108  0  0  0  108  0  108  0  108  0  0  108  0  0  108  108  108  108  0  0  0  0  0  0  0  0  0  0  0  0  0  0  0  0  0  0  107  0  108  0  0  0  0  
0  0  108  0  0  0  108  0  0  0  108  0  108  0  108  0  0  108  0  0  108  105  108  105  0  0  0  0  0  0  0  0  0  0  0  0  0  0  0  0  0  0  108  0  108  0  0  0  0  
0  0  108  108  0  0  108  0  0  0  108  0  108  0  101  0  0  108  0  0  101  108  108  108  0  0  0  0  0  0  0  0  0  0  0  0  0  0  0  0  0  0  108  0  108  0  0  0  0  
0  0  107  107  0  0  107  0  0  0  108  0  108  0  107  0  0  108  0  0  107  108  91  108  0  0  0  0  0  0  0  0  0  0  0  0  0  0  0  0  0  0  108  0  106  0  0  0  0  
0  0  108  108  0  0  108  0  0  0  108  0  108  0  108  0  0  108  0  0  108  106  106  108  0  0  0  0  0  0  0  0  0  0  0  0  0  0  0  0  0  0  108  0  108  0  0  0  0  
0  0  108  108  0  0  107  0  0  0  108  0  108  0  108  0  0  108  0  0  108  108  108  108  0  0  0  0  0  0  0  0  0  0  0  0  0  0  0  0  0  0  108  0  108  0  0  0  0  
0  0  41  108  0  0  41  0  0  0  108  0  108  0  108  0  0  108  0  0  108  108  108  108  0  0  0  0  0  0  0  0  0  0  0  0  0  0  0  0  0  0  108  0  108  0  0  0  0  
0  0  108  108  0  0  108  0  0  108  108  0  108  0  108  0  0  108  0  0  108  108  108  108  0  0  0  0  0  0  0  0  0  0  0  0  0  0  0  0  0  0  107  0  107  0  0  0  0  
0  0  108  108  0  0  33  0  0  0  108  0  108  0  108  0  0  108  0  0  108  107  108  107  0  0  0  0  0  0  0  0  0  0  0  0  0  0  0  0  0  0  108  0  108  0  0  0  0  
0  0  107  107  0  0  108  0  0  0  108  0  108  0  107  0  0  107  0  0  107  108  108  108  0  0  0  0  0  0  0  0  0  0  0  0  0  0  0  0  0  0  32  0  32  0  0  0  0  
0  0  108  108  0  0  108  0  0  0  108  0  108  0  108  0  0  108  0  0  108  30  108  30  0  0  0  0  0  0  0  0  0  0  0  0  0  0  0  0  0  0  108  0  108  0  0  0  0  
0  0  106  106  0  0  108  0  0  0  108  0  107  0  107  0  0  107  0  0  107  108  108  108  0  0  0  0  0  0  0  0  0  0  0  0  0  0  0  0  0  0  107  0  107  0  0  0  0  
0  0  108  108  0  0  108  0  0  0  108  0  108  0  108  0  0  108  0  0  108  108  108  108  0  0  0  0  0  0  0  0  0  0  0  0  0  0  0  0  0  0  108  0  108  0  0  0  0  
0  0  108  108  0  0  108  0  0  0  108  0  108  0  108  0  0  108  0  0  108  108  108  108  0  0  0  0  0  0  0  0  0  0  0  0  0  0  0  0  0  0  108  0  108  0  0  0  0  
0  0  108  108  0  0  108  0  0  0  108  0  108  0  108  0  0  108  0  0  108  108  108  108  0  0  0  0  0  0  0  0  0  0  0  0  0  0  0  0  0  0  108  0  108  0  0  0  0  
0  0  108  105  0  0  108  0  0  0  108  0  108  0  108  0  0  108  0  0  107  108  108  108  0  0  0  0  0  0  0  0  0  0  0  0  0  0  0  0  0  0  108  0  108  0  0  0  0  
0  0  108  108  0  0  108  0  0  0  108  0  108  0  108  0  0  108  0  0  108  108  108  108  0  0  0  0  0  0  0  0  0  0  0  0  0  0  0  0  0  0  108  0  108  0  0  0  0  
0  0  108  108  0  0  108  0  0  0  108  0  108  0  108  0  0  108  0  0  108  108  108  108  0  0  0  0  0  0  0  0  0  0  0  0  0  0  0  0  0  0  108  0  108  0  0  0  0  
0  0  108  108  0  0  108  0  0  0  108  0  108  0  108  0  0  108  0  0  108  108  108  108  0  0  0  0  0  0  0  0  0  0  0  0  0  0  0  0  0  0  108  0  108  0  0  0  0  
0  0  108  108  0  0  108  0  0  0  108  0  108  0  108  0  0  108  0  0  108  108  108  108  0  0  0  0  0  0  0  0  0  0  0  0  0  0  0  0  0  0  108  0  108  0  0  0  0  
0  0  108  108  0  0  108  0  0  0  108  0  108  0  108  0  0  108  0  0  108  97  108  97  0  0  0  0  0  0  0  0  0  0  0  0  0  0  0  0  0  0  108  0  108  0  0  0  0  
0  0  108  108  0  0  108  0  0  0  108  0  108  0  108  0  0  108  0  0  108  108  108  82  0  0  0  0  0  0  0  0  0  0  0  0  0  0  0  0  0  0  108  0  108  0  0  0  0  
0  0  108  108  0  0  108  0  0  0  108  0  108  0  108  0  0  108  0  0  108  108  108  108  0  0  0  0  0  0  0  0  0  0  0  0  0  0  0  0  0  0  106  0  106  0  0  0  0  
0  0  108  107  0  0  108  0  0  0  107  0  108  0  108  0  0  108  0  0  108  108  108  108  0  0  0  0  0  0  0  0  0  0  0  0  0  0  0  0  0  0  108  0  108  0  0  0  0  
0  0  108  108  0  0  108  0  0  0  108  0  108  0  108  0  0  108  0  0  108  108  108  108  0  0  0  0  0  0  0  0  0  0  0  0  0  0  0  0  0  0  107  0  107  0  0  0  0  
0  0  107  107  0  0  108  0  0  0  108  0  108  0  108  0  0  108  0  0  108  108  108  108  0  0  0  0  0  0  0  0  0  0  0  0  0  0  0  0  0  0  108  0  108  0  0  0  0  
0  0  108  108  0  0  108  0  0  0  108  0  108  0  108  0  0  103  0  0  103  108  108  108  0  0  0  0  0  0  0  0  0  0  0  0  0  0  0  0  0  0  108  0  108  0  0  0  0  
0  0  108  108  0  0  108  0  0  0  108  0  108  0  108  0  0  108  0  0  108  107  107  107  0  0  0  0  0  0  0  0  0  0  0  0  0  0  0  0  0  0  108  0  108  0  0  0  0  
0  0  108  106  0  0  108  0  0  0  108  0  108  0  108  0  0  108  0  0  108  108  108  108  0  0  0  0  0  0  0  0  0  0  0  0  0  0  0  0  0  0  108  0  108  0  0  0  0  
0  0  108  108  0  0  108  0  0  0  108  0  108  0  108  0  0  108  0  0  108  101  108  101  0  0  0  0  0  0  0  0  0  0  0  0  0  0  0  0  0  0  108  0  108  0  0  0  0  
0  0  108  108  0  0  108  0  0  0  108  0  108  0  108  0  0  107  0  0  108  102  108  102  0  0  0  0  0  0  0  0  0  0  0  0  0  0  0  0  0  0  108  0  108  0  0  0  0  
0  0  108  108  0  0  108  0  0  0  108  0  108  0  108  0  0  108  0  0  108  108  108  108  0  0  0  0  0  0  0  0  0  0  0  0  0  0  0  0  0  0  107  0  107  0  0  0  0  
0  0  108  108  0  0  108  0  0  0  108  0  108  0  108  0  0  108  0  0  108  108  108  108  0  0  0  0  0  0  0  0  0  0  0  0  0  0  0  0  0  0  108  0  108  0  0  0  0  
0  0  108  108  0  0  108  0  0  0  108  0  108  0  108  0  0  108  0  0  108  108  108  108  0  0  0  0  0  0  0  0  0  0  0  0  0  0  0  0  0  0  108  0  108  0  0  0  0  
0  0  108  108  0  0  108  0  0  0  108  0  108  0  108  0  0  108  0  0  108  108  108  108  0  0  0  0  0  0  0  0  0  0  0  0  0  0  0  0  0  0  108  0  108  0  0  0  0  
0  0  108  108  0  0  108  0  0  0  108  0  108  0  108  0  0  108  0  0  108  108  108  108  0  0  0  0  0  0  0  0  0  0  0  0  0  0  0  0  0  0  108  0  108  0  0  0  0  
0  0  107  107  0  0  108  0  0  0  108  0  108  0  108  0  0  108  0  0  108  108  108  108  0  0  0  0  0  0  0  0  0  0  0  0  0  0  0  0  0  0  108  0  108  0  0  0  0  
0  0  108  108  0  0  108  0  0  0  108  0  108  0  108  0  0  108  0  0  108  108  108  108  0  0  0  0  0  0  0  0  0  0  0  0  0  0  0  0  0  0  108  0  108  0  0  0  0  
0  0  108  108  0  0  108  0  0  0  108  0  108  0  108  0  0  108  0  0  108  108  108  108  0  0  0  0  0  0  0  0  0  0  0  0  0  0  0  0  0  0  108  0  108  0  0  0  0  
0  0  108  108  0  0  108  0  0  0  108  0  108  0  108  0  0  108  0  0  108  108  108  108  0  0  0  0  0  0  0  0  0  0  0  0  0  0  0  0  0  0  108  0  108  0  0  0  0  
0  0  108  108  0  0  108  0  0  0  108  0  108  0  108  0  0  108  0  0  108  108  108  108  0  0  0  0  0  0  0  0  0  0  0  0  0  0  0  0  0  0  107  0  107  0  0  0  0  
0  0  108  108  0  0  108  0  0  0  108  0  108  0  108  0  0  108  0  0  108  54  108  54  0  0  0  0  0  0  0  0  0  0  0  0  0  0  0  0  0  0  108  0  108  0  0  0  0  
0  0  108  108  0  0  108  0  0  0  108  0  108  0  108  0  0  108  0  0  108  108  108  108  0  0  0  0  0  0  0  0  0  0  0  0  0  0  0  0  0  0  108  0  108  0  0  0  0  
0  0  107  108  0  0  107  0  0  0  108  0  108  0  108  0  0  108  0  0  108  108  107  108  0  0  0  0  0  0  0  0  0  0  0  0  0  0  0  0  0  0  35  0  35  0  0  0  0  
0  0  108  108  0  0  108  0  0  0  108  0  108  0  108  0  0  108  0  0  108  108  108  108  0  0  0  0  0  0  0  0  0  0  0  0  0  0  0  0  0  0  107  0  107  0  0  0  0  
0  0  108  108  0  0  108  0  0  0  108  0  101  0  108  0  0  108  0  0  108  108  108  108  0  0  0  0  0  0  0  0  0  0  0  0  0  0  0  0  0  0  108  0  108  0  0  0  0  
0  0  108  108  0  0  108  0  0  0  107  0  108  0  108  0  0  108  0  0  108  108  108  108  0  0  0  0  0  0  0  0  0  0  0  0  0  0  0  0  0  0  108  0  108  0  0  0  0  
0  0  108  108  0  0  108  0  0  0  108  0  108  0  92  0  0  108  0  0  108  108  108  108  0  0  0  0  0  0  0  0  0  0  0  0  0  0  0  0  0  0  108  0  108  0  0  0  0  
0  0  108  108  0  0  108  0  0  0  108  0  108  0  108  0  0  108  0  0  108  108  108  108  0  0  0  0  0  0  0  0  0  0  0  0  0  0  0  0  0  0  108  0  108  0  0  0  0  
0  0  108  108  0  0  108  0  0  0  108  0  108  0  108  0  0  108  0  0  108  103  108  103  0  0  0  0  0  0  0  0  0  0  0  0  0  0  0  0  0  0  108  0  108  0  0  0  0  
0  0  108  108  0  0  108  0  0  0  108  0  108  0  108  0  0  108  0  0  94  108  108  108  0  0  0  0  0  0  0  0  0  0  0  0  0  0  0  0  0  0  108  0  108  0  0  0  0  
0  0  108  108  0  0  108  0  0  0  108  0  108  0  108  0  0  108  0  0  107  108  108  108  0  0  0  0  0  0  0  0  0  0  0  0  0  0  0  0  0  0  108  0  108  0  0  0  0  
0  0  108  108  0  0  108  0  0  0  107  0  108  0  108  0  0  108  0  0  108  108  108  108  0  0  0  0  0  0  0  0  0  0  0  0  0  0  0  0  0  0  108  0  108  0  0  0  0  
0  0  108  108  0  0  108  0  0  0  108  0  108  0  108  0  0  108  0  0  108  108  108  108  0  0  0  0  0  0  0  0  0  0  0  0  0  0  0  0  0  0  107  0  107  0  0  0  0  
0  0  108  108  0  0  108  0  0  0  108  0  108  0  108  0  0  108  0  0  108  108  108  108  0  0  0  0  0  0  0  0  0  0  0  0  0  0  0  0  0  0  107  0  107  0  0  0  0  
0  0  108  108  0  0  108  0  0  0  108  0  108  0  108  0  0  108  0  0  108  108  108  108  0  0  0  0  0  0  0  0  0  0  0  0  0  0  0  0  0  0  108  0  108  0  0  0  0  
0  0  108  108  0  0  108  0  0  0  108  0  107  0  108  0  0  108  0  0  108  108  108  108  0  0  0  0  0  0  0  0  0  0  0  0  0  0  0  0  0  0  108  0  108  0  0  0  0  
0  0  108  108  0  0  108  0  0  0  108  0  108  0  108  0  0  108  0  0  108  108  108  108  0  0  0  0  0  0  0  0  0  0  0  0  0  0  0  0  0  0  108  0  108  0  0  0  0  
0  0  107  108  0  0  107  0  0  0  108  0  108  0  108  0  0  108  0  0  108  104  108  104  0  0  0  0  0  0  0  0  0  0  0  0  0  0  0  0  0  0  108  0  108  0  0  0  0  
0  0  108  108  0  0  108  0  0  0  108  0  108  0  108  0  0  108  0  0  108  108  108  108  0  0  0  0  0  0  0  0  0  0  0  0  0  0  0  0  0  0  108  0  108  0  0  0  0  
0  0  108  107  0  0  108  0  0  0  108  0  108  0  108  0  0  108  0  0  108  108  108  108  0  0  0  0  0  0  0  0  0  0  0  0  0  0  0  0  0  0  108  0  108  0  0  0  0  
0  0  108  108  0  0  108  0  0  0  108  0  108  0  108  0  0  108  0  0  108  108  108  108  0  0  0  0  0  0  0  0  0  0  0  0  0  0  0  0  0  0  108  0  108  0  0  0  0  
0  0  108  108  0  0  108  0  0  0  108  0  108  0  108  0  0  108  0  0  108  108  108  108  0  0  0  0  0  0  0  0  0  0  0  0  0  0  0  0  0  0  108  0  108  0  0  0  0  
0  0  108  108  0  0  108  0  0  0  108  0  108  0  108  0  0  108  0  0  108  55  108  55  0  0  0  0  0  0  0  0  0  0  0  0  0  0  0  0  0  0  108  0  108  0  0  0  0  
0  0  108  108  0  0  108  0  0  0  108  0  108  0  108  0  0  108  0  0  108  108  108  108  0  0  0  0  0  0  0  0  0  0  0  0  0  0  0  0  0  0  107  0  108  0  0  0  0  
0  0  108  108  0  0  108  0  0  0  108  0  108  0  108  0  0  108  0  0  108  108  108  108  0  0  0  0  0  0  0  0  0  0  0  0  0  0  0  0  0  0  108  0  108  0  0  0  0  
0  0  108  108  0  0  108  0  0  0  108  0  108  0  108  0  0  108  0  0  108  108  108  108  0  0  0  0  0  0  0  0  0  0  0  0  0  0  0  0  0  0  108  0  108  0  0  0  0  
0  0  108  108  0  0  108  0  0  0  108  0  108  0  108  0  0  108  0  0  108  95  108  95  0  0  0  0  0  0  0  0  0  0  0  0  0  0  0  0  0  0  108  0  108  0  0  0  0  
0  0  108  108  0  0  108  0  0  0  107  0  107  0  108  0  0  108  0  0  108  108  108  108  0  0  0  0  0  0  0  0  0  0  0  0  0  0  0  0  0  0  108  0  108  0  0  0  0  
0  0  108  108  0  0  108  0  0  0  108  0  108  0  108  0  0  108  0  0  108  108  108  108  0  0  0  0  0  0  0  0  0  0  0  0  0  0  0  0  0  0  108  0  108  0  0  0  0  
0  0  108  108  0  0  108  0  0  0  108  0  108  0  108  0  0  108  0  0  108  108  108  108  0  0  0  0  0  0  0  0  0  0  0  0  0  0  0  0  0  0  108  0  108  0  0  0  0  
0  0  108  108  0  0  108  0  0  0  108  0  108  0  108  0  0  108  0  0  108  108  108  108  0  0  0  0  0  0  0  0  0  0  0  0  0  0  0  0  0  0  108  0  108  0  0  0  0  
0  0  108  108  0  0  108  0  0  0  108  0  108  0  108  0  0  108  0  0  108  96  108  96  0  0  0  0  0  0  0  0  0  0  0  0  0  0  0  0  0  0  108  0  108  0  0  0  0  
0  0  108  108  0  0  108  0  0  0  108  0  108  0  108  0  0  108  0  0  108  107  108  107  0  0  0  0  0  0  0  0  0  0  0  0  0  0  0  0  0  0  108  0  108  0  0  0  0  
0  0  108  108  0  0  108  0  0  0  108  0  108  0  108  0  0  108  0  0  108  100  108  100  0  0  0  0  0  0  0  0  0  0  0  0  0  0  0  0  0  0  108  0  108  0  0  0  0  
0  0  95  108  0  0  95  0  0  0  108  0  108  0  94  0  0  94  0  0  108  108  108  108  0  0  0  0  0  0  0  0  0  0  0  0  0  0  0  0  0  0  108  0  108  0  0  0  0  
0  0  108  108  0  0  108  0  0  0  108  0  108  0  108  0  0  108  0  0  108  101  108  101  0  0  0  0  0  0  0  0  0  0  0  0  0  0  0  0  0  0  108  0  108  0  0  0  0  
0  0  108  108  0  0  108  0  0  0  108  0  108  0  108  0  0  108  0  0  108  102  108  102  0  0  0  0  0  0  0  0  0  0  0  0  0  0  0  0  0  0  106  0  106  0  0  0  0  
0  0  108  108  0  0  108  0  0  0  108  0  108  0  108  0  0  108  0  0  108  108  108  108  0  0  0  0  0  0  0  0  0  0  0  0  0  0  0  0  0  0  108  0  108  0  0  0  0  
0  0  108  108  0  0  108  0  0  108  108  0  108  0  108  0  0  108  0  0  108  88  108  108  0  0  0  0  0  0  0  0  0  0  0  0  0  0  0  0  0  0  108  0  108  0  0  0  0  
