0  0  -59  -72  0  0  -41  0  0  -77  -76  0  -58  0  -59  -79  0  -61  0  0  -70  -70  -75  -60  0  0  0  -77  0  0  0  0  0  0  0  0  0  0  0  0  0  0  -39  0  -68  -78  0  0  0  
0  0  -61  -70  0  0  -41  0  0  -76  -75  0  -59  0  -60  -78  0  -61  0  0  -70  -69  -75  -60  0  0  0  -77  0  0  0  0  0  0  0  0  0  0  0  0  0  0  -40  0  -70  -78  0  0  0  
0  0  -60  -71  0  0  -41  0  0  -77  -78  0  -57  0  -60  -78  0  -66  0  0  -71  -69  -77  -63  0  0  0  -78  0  0  0  0  0  0  0  0  0  0  0  0  0  0  -40  0  -70  -80  0  0  0  
0  0  -59  -73  0  0  -41  0  0  -77  -76  0  -58  0  -59  -79  0  -66  0  0  -70  -72  -77  -63  0  0  0  -80  0  0  0  0  0  0  0  0  0  0  0  0  0  0  -40  0  -70  0  0  0  0  
0  0  -59  -73  0  0  -40  0  0  -78  -81  0  -58  0  -59  -79  0  -62  0  0  -70  -70  -81  -61  0  0  0  -78  0  0  0  0  0  0  0  0  0  0  0  0  0  0  -39  0  -70  -79  0  0  0  
0  0  -60  -73  0  0  -40  0  0  -78  -81  0  -58  0  -60  -80  0  -62  0  0  -71  -71  -81  -61  0  0  0  -77  0  0  0  0  0  0  0  0  0  0  0  0  0  0  -39  0  -70  -78  0  0  0  
0  0  -59  -69  0  0  -40  0  0  -78  -77  0  -58  0  -58  -80  0  -61  0  0  -71  -67  -77  -60  0  0  0  -79  0  0  0  0  0  0  0  0  0  0  0  0  0  0  -39  0  -71  -81  0  0  0  
0  0  -56  -75  0  0  -42  0  0  -75  -77  0  -57  0  -56  -77  0  -72  0  0  -69  -73  -76  -70  0  0  0  0  0  0  0  0  0  0  0  0  0  0  0  0  0  0  -41  0  -68  0  0  0  0  
0  0  -55  -75  0  0  -43  0  0  -77  0  0  -57  0  -55  -76  0  -69  0  0  -68  -73  0  -66  0  0  0  0  0  0  0  0  0  0  0  0  0  0  0  0  0  0  -42  0  -66  0  0  0  0  
0  0  -55  -75  0  0  -42  0  0  -75  0  0  -57  0  -55  -77  0  -79  0  0  -67  -73  0  -76  0  0  0  0  0  0  0  0  0  0  0  0  0  0  0  0  0  0  -42  0  -67  0  0  0  0  
0  0  -57  -76  0  0  -42  0  0  -73  -80  0  -60  0  -57  -75  0  -78  0  0  -70  -74  -80  -76  0  0  0  0  0  0  0  0  0  0  0  0  0  0  0  0  0  0  -42  0  -71  0  0  0  0  
0  0  -57  -73  0  0  -42  0  0  -74  -73  0  -58  0  -57  -76  0  -64  0  0  -72  -71  -73  -62  0  0  0  0  0  0  0  0  0  0  0  0  0  0  0  0  0  0  -41  0  -72  0  0  0  0  
0  0  -57  -75  0  0  -44  0  0  -75  -75  0  -59  0  -57  -76  0  -64  0  0  -71  -72  -74  -63  0  0  0  0  0  0  0  0  0  0  0  0  0  0  0  0  0  0  -43  0  -71  0  0  0  0  
0  0  -57  -74  0  0  -44  0  0  -75  -76  0  -59  0  -57  -76  0  -65  0  0  -70  -72  -76  -62  0  0  0  0  0  0  0  0  0  0  0  0  0  0  0  0  0  0  -43  0  -69  0  0  0  0  
0  0  -57  -74  0  0  -44  0  0  -77  -78  0  -58  0  -57  -78  0  -66  0  0  -70  -72  -77  -63  0  0  0  0  0  0  0  0  0  0  0  0  0  0  0  0  0  0  -43  0  -70  0  0  0  0  
0  0  -57  -73  0  0  -44  0  0  -75  -78  0  -59  0  -57  -77  0  -64  0  0  -71  -71  -78  -63  0  0  0  0  0  0  0  0  0  0  0  0  0  0  0  0  0  0  -43  0  -70  0  0  0  0  
0  0  -57  -74  0  0  -44  0  0  -76  -77  0  -57  0  -57  -78  0  -70  0  0  -71  -72  -77  -67  0  0  0  0  0  0  0  0  0  0  0  0  0  0  0  0  0  0  -43  0  -71  0  0  0  0  
0  0  -57  -74  0  0  -44  0  0  -76  -78  0  -58  0  -57  -78  0  -69  0  0  -72  -72  -78  -66  0  0  0  0  0  0  0  0  0  0  0  0  0  0  0  0  0  0  -43  0  -71  0  0  0  0  
0  0  -57  -75  0  0  -44  0  0  -75  -79  0  -58  0  -57  -78  0  -68  0  0  -73  -73  -79  -66  0  0  0  0  0  0  0  0  0  0  0  0  0  0  0  0  0  0  -43  0  -72  0  0  0  0  
0  0  -57  -76  0  0  -45  0  0  0  -74  0  -57  0  -57  0  0  -67  0  0  -74  -74  -73  -65  0  0  0  0  0  0  0  0  0  0  0  0  0  0  0  0  0  0  -43  0  -74  0  0  0  0  
0  0  -57  -74  0  0  -43  0  0  0  -73  0  -57  0  -57  0  0  -67  0  0  -75  -72  -72  -64  0  0  0  0  0  0  0  0  0  0  0  0  0  0  0  0  0  0  -42  0  -75  0  0  0  0  
0  0  -57  -75  0  0  -49  0  0  0  -73  0  -58  0  -57  0  0  -64  0  0  -75  -74  -72  -63  0  0  0  0  0  0  0  0  0  0  0  0  0  0  0  0  0  0  -42  0  -71  0  0  0  0  
0  0  -57  -75  0  0  -44  0  0  0  -72  0  -57  0  -57  0  0  -65  0  0  -72  -73  -72  -64  0  0  0  0  0  0  0  0  0  0  0  0  0  0  0  0  0  0  -43  0  -72  0  0  0  0  
0  0  -57  -73  0  0  -42  0  0  0  -73  0  -57  0  -57  0  0  -66  0  0  -71  -70  -72  -64  0  0  0  0  0  0  0  0  0  0  0  0  0  0  0  0  0  0  -43  0  -71  0  0  0  0  
0  0  -57  -75  0  0  -45  0  0  0  -72  0  -57  0  -57  0  0  -66  0  0  -71  -74  -72  -63  0  0  0  0  0  0  0  0  0  0  0  0  0  0  0  0  0  0  -43  0  -70  0  0  0  0  
0  0  -56  -77  0  0  -43  0  0  0  -73  0  -57  0  -56  0  0  -66  0  0  -70  -75  -72  -63  0  0  0  0  0  0  0  0  0  0  0  0  0  0  0  0  0  0  -43  0  -70  0  0  0  0  
0  0  -57  -74  0  0  -45  0  0  0  -75  0  -57  0  -56  0  0  -64  0  0  -68  -72  -75  -63  0  0  0  0  0  0  0  0  0  0  0  0  0  0  0  0  0  0  -44  0  -68  0  0  0  0  
0  0  -57  -74  0  0  -45  0  0  0  -74  0  -57  0  -57  0  0  -63  0  0  -71  -72  -73  -61  0  0  0  0  0  0  0  0  0  0  0  0  0  0  0  0  0  0  -44  0  -69  0  0  0  0  
0  0  -57  -75  0  0  -44  0  0  0  -73  0  -57  0  -57  0  0  -65  0  0  -69  -73  -72  -63  0  0  0  0  0  0  0  0  0  0  0  0  0  0  0  0  0  0  -43  0  -68  0  0  0  0  
0  0  -57  -75  0  0  -45  0  0  0  -73  0  -57  0  -57  0  0  -64  0  0  -69  -74  -73  -63  0  0  0  0  0  0  0  0  0  0  0  0  0  0  0  0  0  0  -44  0  -68  0  0  0  0  
0  0  -57  -74  0  0  -44  0  0  0  -73  0  -57  0  -57  0  0  -65  0  0  -69  -72  -72  -62  0  0  0  0  0  0  0  0  0  0  0  0  0  0  0  0  0  0  -43  0  -69  0  0  0  0  
0  0  -57  -75  0  0  -42  0  0  0  -72  0  -58  0  -56  0  0  -66  0  0  -75  -74  -71  -62  0  0  0  0  0  0  0  0  0  0  0  0  0  0  0  0  0  0  -41  0  -74  0  0  0  0  
0  0  -58  -75  0  0  -43  0  0  -79  -74  0  -60  0  -57  -81  0  -63  0  0  -73  -73  -74  -61  0  0  0  0  0  0  0  0  0  0  0  0  0  0  0  0  0  0  -41  0  -69  0  0  0  0  
0  0  -57  0  0  0  -43  0  0  0  -78  0  -58  0  -56  0  0  -62  0  0  -71  0  -78  -61  0  0  0  -80  0  0  0  0  0  0  0  0  0  0  0  0  0  0  -42  0  -70  -81  0  0  0  
0  0  -57  0  0  0  -42  0  0  0  -80  0  -59  0  -57  0  0  -64  0  0  -72  -79  -79  -62  0  0  0  -80  0  0  0  0  0  0  0  0  0  0  0  0  0  0  -42  0  -70  0  0  0  0  
0  0  -57  -80  0  0  -45  0  0  0  0  0  0  0  -57  0  0  -63  0  0  -70  -78  -81  -61  0  0  0  0  0  0  0  0  0  0  0  0  0  0  0  0  0  0  -43  0  -69  0  0  0  0  
0  0  -58  -75  0  0  -43  0  0  0  -76  0  -59  0  -57  0  0  -67  0  0  -71  -72  -75  -64  0  0  0  0  0  0  0  0  0  0  0  0  0  0  0  0  0  0  -41  0  -71  0  0  0  0  
0  0  -57  -73  0  0  -43  0  0  -80  -78  0  -59  0  -57  -81  0  -71  0  0  -72  -72  -77  -68  0  0  0  0  0  0  0  0  0  0  0  0  0  0  0  0  0  0  -42  0  -72  0  0  0  0  
0  0  -58  -77  0  0  -43  0  0  -81  -76  0  -59  0  -58  0  0  -71  0  0  -71  -75  -75  -69  0  0  0  0  0  0  0  0  0  0  0  0  0  0  0  0  0  0  -43  0  -72  0  0  0  0  
0  0  -57  -75  0  0  -42  0  0  -79  -77  0  -60  0  -57  0  0  -67  0  0  -70  -72  -76  -64  0  0  0  0  0  0  0  0  0  0  0  0  0  0  0  0  0  0  -41  0  -70  0  0  0  0  
0  0  -58  -78  0  0  -44  0  0  -80  -76  0  -57  0  -58  -81  0  -69  0  0  -69  -77  -76  -67  0  0  0  0  0  0  0  0  0  0  0  0  0  0  0  0  0  0  -43  0  -68  0  0  0  0  
0  0  -58  -77  0  0  -44  0  0  -80  -78  0  -58  0  -58  0  0  -64  0  0  -69  -75  -78  -61  0  0  0  0  0  0  0  0  0  0  0  0  0  0  0  0  0  0  -43  0  -68  0  0  0  0  
0  0  -59  -72  0  0  -43  0  0  -79  -79  0  -59  0  -58  0  0  -64  0  0  -69  -70  -78  -63  0  0  0  0  0  0  0  0  0  0  0  0  0  0  0  0  0  0  -43  0  -68  0  0  0  0  
0  0  -58  -72  0  0  -43  0  0  -80  -74  0  -57  0  -58  -81  0  -62  0  0  -69  -70  0  -61  0  0  0  0  0  0  0  0  0  0  0  0  0  0  0  0  0  0  -42  0  -68  0  0  0  0  
0  0  -58  -73  0  0  -43  0  0  -80  -78  0  -59  0  -58  -81  0  -72  0  0  -69  -70  -78  -69  0  0  0  0  0  0  0  0  0  0  0  0  0  0  0  0  0  0  -43  0  -68  0  0  0  0  
0  0  -58  -73  0  0  -43  0  0  -80  -76  0  -57  0  -58  0  0  -67  0  0  -72  -71  -75  -64  0  0  0  0  0  0  0  0  0  0  0  0  0  0  0  0  0  0  -43  0  -72  0  0  0  0  
0  0  -58  -79  0  0  -43  0  0  0  -75  0  -57  0  -58  0  0  -73  0  0  -73  -77  -75  -70  0  0  0  0  0  0  0  0  0  0  0  0  0  0  0  0  0  0  -42  0  -72  0  0  0  0  
0  0  -58  -79  0  0  -43  0  0  -81  -78  0  -60  0  -58  0  0  -75  0  0  -73  -78  -78  -72  0  0  0  0  0  0  0  0  0  0  0  0  0  0  0  0  0  0  -43  0  -72  0  0  0  0  
0  0  -58  -80  0  0  -43  0  0  -80  -79  0  -60  0  -58  0  0  -72  0  0  -72  -78  -79  -69  0  0  0  0  0  0  0  0  0  0  0  0  0  0  0  0  0  0  -43  0  -72  0  0  0  0  
0  0  -66  -78  0  0  -42  0  0  0  -81  0  -60  0  -66  0  0  -72  0  0  -72  -76  -80  -69  0  0  0  0  0  0  0  0  0  0  0  0  0  0  0  0  0  0  -40  0  -71  0  0  0  0  
0  0  -66  0  0  0  -41  0  0  0  -81  0  -60  0  -67  0  0  -69  0  0  -72  -80  -80  -68  0  0  0  0  0  0  0  0  0  0  0  0  0  0  0  0  0  0  -40  0  -71  0  0  0  0  
0  0  -66  -77  0  0  -41  0  0  0  -81  0  -59  0  -66  0  0  -67  0  0  -72  -75  -80  -65  0  0  0  0  0  0  0  0  0  0  0  0  0  0  0  0  0  0  -40  0  -71  0  0  0  0  
0  0  -66  -75  0  0  -41  0  0  0  -81  0  -60  0  -67  0  0  -66  0  0  -72  -73  -80  -64  0  0  0  0  0  0  0  0  0  0  0  0  0  0  0  0  0  0  -40  0  -71  0  0  0  0  
0  0  -67  -75  0  0  -41  0  0  0  -77  0  -59  0  -67  0  0  -66  0  0  -72  -73  -77  -63  0  0  0  0  0  0  0  0  0  0  0  0  0  0  0  0  0  0  -40  0  -72  0  0  0  0  
0  0  -67  -77  0  0  -41  0  0  0  -81  0  -61  0  -68  0  0  -67  0  0  -69  -74  -79  -65  0  0  0  0  0  0  0  0  0  0  0  0  0  0  0  0  0  0  -40  0  -71  0  0  0  0  
0  0  -67  -75  0  0  -41  0  0  0  -79  0  -60  0  -67  0  0  -64  0  0  -72  -73  -78  -63  0  0  0  0  0  0  0  0  0  0  0  0  0  0  0  0  0  0  -40  0  -71  0  0  0  0  
0  0  -67  -76  0  0  -41  0  0  -81  -79  0  -61  0  -67  0  0  -67  0  0  -69  -75  -78  -64  0  0  0  0  0  0  0  0  0  0  0  0  0  0  0  0  0  0  -40  0  -71  0  0  0  0  
0  0  -66  -74  0  0  -41  0  0  0  -78  0  -61  0  -66  0  0  -61  0  0  -72  -72  -78  -60  0  0  0  0  0  0  0  0  0  0  0  0  0  0  0  0  0  0  -40  0  -71  0  0  0  0  
0  0  -66  -76  0  0  -41  0  0  0  -80  0  -61  0  -66  0  0  -61  0  0  -72  -75  -79  -60  0  0  0  0  0  0  0  0  0  0  0  0  0  0  0  0  0  0  -40  0  -71  0  0  0  0  
0  0  -66  -76  0  0  -41  0  0  0  -80  0  -61  0  -66  0  0  -61  0  0  -72  -75  -79  -60  0  0  0  0  0  0  0  0  0  0  0  0  0  0  0  0  0  0  -40  0  -72  0  0  0  0  
0  0  -66  -76  0  0  -41  0  0  0  -81  0  -58  0  -66  0  0  -61  0  0  -71  -75  -80  -60  0  0  0  0  0  0  0  0  0  0  0  0  0  0  0  0  0  0  -40  0  -71  0  0  0  0  
0  0  -66  -77  0  0  -41  0  0  0  -80  0  -57  0  -66  0  0  -61  0  0  -72  -75  -79  -60  0  0  0  0  0  0  0  0  0  0  0  0  0  0  0  0  0  0  -40  0  -71  0  0  0  0  
0  0  -66  -76  0  0  -41  0  0  0  -81  0  -57  0  -67  0  0  -61  0  0  -72  -75  -81  -60  0  0  0  0  0  0  0  0  0  0  0  0  0  0  0  0  0  0  -40  0  -71  0  0  0  0  
0  0  -66  -76  0  0  -41  0  0  0  -81  0  -57  0  -67  0  0  -61  0  0  -72  -74  -80  -60  0  0  0  0  0  0  0  0  0  0  0  0  0  0  0  0  0  0  -40  0  -71  0  0  0  0  
0  0  -66  -76  0  0  -41  0  0  0  -80  0  -57  0  -65  0  0  -61  0  0  -72  -75  -79  -60  0  0  0  0  0  0  0  0  0  0  0  0  0  0  0  0  0  0  -40  0  -71  0  0  0  0  
0  0  -66  -77  0  0  -41  0  0  0  -76  0  -57  0  -67  0  0  -61  0  0  -72  -75  -75  -60  0  0  0  0  0  0  0  0  0  0  0  0  0  0  0  0  0  0  -40  0  -71  0  0  0  0  
0  0  -67  -76  0  0  -41  0  0  0  -76  0  -57  0  -67  0  0  -61  0  0  -72  -75  -76  -60  0  0  0  0  0  0  0  0  0  0  0  0  0  0  0  0  0  0  -40  0  -71  0  0  0  0  
0  0  -67  -77  0  0  -41  0  0  0  -77  0  -56  0  -66  0  0  -61  0  0  -72  -75  -77  -60  0  0  0  0  0  0  0  0  0  0  0  0  0  0  0  0  0  0  -40  0  -71  0  0  0  0  
0  0  -66  -76  0  0  -41  0  0  0  -77  0  -57  0  -67  0  0  -61  0  0  -72  -75  -76  -60  0  0  0  0  0  0  0  0  0  0  0  0  0  0  0  0  0  0  -40  0  -71  0  0  0  0  
0  0  -67  -76  0  0  -41  0  0  0  -78  0  -57  0  -67  0  0  -61  0  0  -72  -75  -77  -60  0  0  0  0  0  0  0  0  0  0  0  0  0  0  0  0  0  0  -40  0  -71  0  0  0  0  
0  0  -66  -76  0  0  -41  0  0  0  -78  0  -57  0  -67  0  0  -61  0  0  -72  -75  -77  -60  0  0  0  0  0  0  0  0  0  0  0  0  0  0  0  0  0  0  -40  0  -71  0  0  0  0  
0  0  -67  -76  0  0  -41  0  0  0  -78  0  -57  0  -67  0  0  -61  0  0  -72  -75  -77  -60  0  0  0  0  0  0  0  0  0  0  0  0  0  0  0  0  0  0  -40  0  -71  0  0  0  0  
0  0  -66  -76  0  0  -41  0  0  0  -78  0  -56  0  -67  0  0  -61  0  0  -72  -75  -77  -60  0  0  0  0  0  0  0  0  0  0  0  0  0  0  0  0  0  0  -40  0  -71  0  0  0  0  
0  0  -66  -76  0  0  -41  0  0  0  -77  0  -57  0  -66  0  0  -61  0  0  -72  -75  -77  -60  0  0  0  0  0  0  0  0  0  0  0  0  0  0  0  0  0  0  -40  0  -71  0  0  0  0  
0  0  -66  -76  0  0  -41  0  0  0  -78  0  -61  0  -67  0  0  -61  0  0  -72  -75  -77  -60  0  0  0  0  0  0  0  0  0  0  0  0  0  0  0  0  0  0  -40  0  -71  0  0  0  0  
0  0  -65  -77  0  0  -41  0  0  0  -77  0  -60  0  -67  0  0  -61  0  0  -72  -75  -76  -60  0  0  0  0  0  0  0  0  0  0  0  0  0  0  0  0  0  0  -40  0  -71  0  0  0  0  
0  0  -66  -76  0  0  -41  0  0  0  -78  0  -61  0  -67  0  0  -61  0  0  -72  -75  -77  -60  0  0  0  0  0  0  0  0  0  0  0  0  0  0  0  0  0  0  -40  0  -71  0  0  0  0  
0  0  -66  -77  0  0  -41  0  0  0  -77  0  -61  0  -66  0  0  -61  0  0  -71  -75  -77  -60  0  0  0  0  0  0  0  0  0  0  0  0  0  0  0  0  0  0  -40  0  -71  0  0  0  0  
0  0  -65  -76  0  0  -41  0  0  0  -77  0  -61  0  -67  0  0  -61  0  0  -72  -75  -77  -60  0  0  0  0  0  0  0  0  0  0  0  0  0  0  0  0  0  0  -40  0  -71  0  0  0  0  
0  0  -67  -77  0  0  -41  0  0  0  -78  0  -61  0  -67  0  0  -61  0  0  -72  -75  -77  -60  0  0  0  0  0  0  0  0  0  0  0  0  0  0  0  0  0  0  -40  0  -71  0  0  0  0  
0  0  -66  -77  0  0  -41  0  0  0  -78  0  -61  0  -66  0  0  -61  0  0  -72  -75  -77  -60  0  0  0  0  0  0  0  0  0  0  0  0  0  0  0  0  0  0  -40  0  -71  0  0  0  0  
0  0  -66  -77  0  0  -41  0  0  0  -78  0  -61  0  -66  0  0  -61  0  0  -72  -75  -77  -60  0  0  0  0  0  0  0  0  0  0  0  0  0  0  0  0  0  0  -40  0  -71  0  0  0  0  
0  0  -66  -77  0  0  -41  0  0  0  -78  0  -61  0  -67  0  0  -61  0  0  -72  -75  -77  -60  0  0  0  0  0  0  0  0  0  0  0  0  0  0  0  0  0  0  -40  0  -71  0  0  0  0  
0  0  -66  -77  0  0  -41  0  0  0  -78  0  -61  0  -67  0  0  -61  0  0  -72  -75  -77  -60  0  0  0  0  0  0  0  0  0  0  0  0  0  0  0  0  0  0  -40  0  -72  0  0  0  0  
0  0  -67  -76  0  0  -41  0  0  0  -78  0  -61  0  -65  0  0  -61  0  0  -72  -75  -77  -60  0  0  0  0  0  0  0  0  0  0  0  0  0  0  0  0  0  0  -40  0  -71  0  0  0  0  
0  0  -66  -77  0  0  -41  0  0  0  -78  0  -61  0  -67  0  0  -61  0  0  -72  -75  -77  -60  0  0  0  0  0  0  0  0  0  0  0  0  0  0  0  0  0  0  -40  0  -72  0  0  0  0  
0  0  -66  -77  0  0  -41  0  0  0  -78  0  -61  0  -67  0  0  -61  0  0  -72  -75  -77  -60  0  0  0  0  0  0  0  0  0  0  0  0  0  0  0  0  0  0  -40  0  -71  0  0  0  0  
0  0  -66  -76  0  0  -41  0  0  0  -78  0  -61  0  -66  0  0  -61  0  0  -72  -75  -77  -60  0  0  0  0  0  0  0  0  0  0  0  0  0  0  0  0  0  0  -40  0  -71  0  0  0  0  
0  0  -66  -76  0  0  -41  0  0  0  -78  0  -61  0  -66  0  0  -61  0  0  -72  -75  -77  -60  0  0  0  0  0  0  0  0  0  0  0  0  0  0  0  0  0  0  -40  0  -71  0  0  0  0  
0  0  -66  -77  0  0  -41  0  0  0  -78  0  -61  0  -67  0  0  -61  0  0  -71  -75  -77  -60  0  0  0  0  0  0  0  0  0  0  0  0  0  0  0  0  0  0  -40  0  -71  0  0  0  0  
0  0  -66  -76  0  0  -41  0  0  0  -78  0  -61  0  -67  0  0  -61  0  0  -72  -75  -77  -60  0  0  0  0  0  0  0  0  0  0  0  0  0  0  0  0  0  0  -40  0  -71  0  0  0  0  
0  0  -66  -76  0  0  -41  0  0  0  -78  0  -61  0  -65  0  0  -61  0  0  -72  -75  -77  -60  0  0  0  0  0  0  0  0  0  0  0  0  0  0  0  0  0  0  -40  0  -71  0  0  0  0  
0  0  -66  -76  0  0  -41  0  0  0  -78  0  -61  0  -67  0  0  -61  0  0  -72  -75  -77  -60  0  0  0  0  0  0  0  0  0  0  0  0  0  0  0  0  0  0  -40  0  -71  0  0  0  0  
0  0  -66  -76  0  0  -41  0  0  0  -78  0  -61  0  -67  0  0  -61  0  0  -72  -75  -77  -60  0  0  0  0  0  0  0  0  0  0  0  0  0  0  0  0  0  0  -40  0  -71  0  0  0  0  
0  0  -66  -76  0  0  -41  0  0  0  -78  0  -61  0  -66  0  0  -61  0  0  -72  -74  -77  -60  0  0  0  0  0  0  0  0  0  0  0  0  0  0  0  0  0  0  -40  0  -71  0  0  0  0  
0  0  -66  -76  0  0  -41  0  0  0  -78  0  -61  0  -66  0  0  -61  0  0  -72  -75  -77  -60  0  0  0  0  0  0  0  0  0  0  0  0  0  0  0  0  0  0  -40  0  -71  0  0  0  0  
0  0  -66  -76  0  0  -41  0  0  0  -78  0  -61  0  -67  0  0  -61  0  0  -72  -75  -77  -60  0  0  0  0  0  0  0  0  0  0  0  0  0  0  0  0  0  0  -40  0  -72  0  0  0  0  
0  0  -66  -76  0  0  -41  0  0  0  -78  0  -61  0  -67  0  0  -61  0  0  -72  -75  -77  -60  0  0  0  0  0  0  0  0  0  0  0  0  0  0  0  0  0  0  -40  0  -71  0  0  0  0  
0  0  -66  -76  0  0  -41  0  0  0  -78  0  -61  0  -67  0  0  -61  0  0  -72  -75  -77  -60  0  0  0  0  0  0  0  0  0  0  0  0  0  0  0  0  0  0  -40  0  -71  0  0  0  0  
0  0  -67  -76  0  0  -41  0  0  0  -78  0  -61  0  -67  0  0  -61  0  0  -72  -75  -77  -60  0  0  0  0  0  0  0  0  0  0  0  0  0  0  0  0  0  0  -40  0  -71  0  0  0  0  
0  0  -66  -77  0  0  -41  0  0  0  -77  0  -61  0  -66  0  0  -61  0  0  -72  -75  -77  -60  0  0  0  0  0  0  0  0  0  0  0  0  0  0  0  0  0  0  -40  0  -71  0  0  0  0  
0  0  -66  -76  0  0  -41  0  0  0  -78  0  -61  0  -67  0  0  -61  0  0  -72  -75  -77  -60  0  0  0  0  0  0  0  0  0  0  0  0  0  0  0  0  0  0  -40  0  -71  0  0  0  0  
0  0  -66  -76  0  0  -41  0  0  0  -78  0  -61  0  -67  0  0  -61  0  0  -72  -75  -77  -60  0  0  0  0  0  0  0  0  0  0  0  0  0  0  0  0  0  0  -40  0  -71  0  0  0  0  
0  0  -66  -77  0  0  -41  0  0  0  -78  0  -61  0  -66  0  0  -61  0  0  -72  -75  -77  -61  0  0  0  0  0  0  0  0  0  0  0  0  0  0  0  0  0  0  -40  0  -71  0  0  0  0  
0  0  -66  -76  0  0  -41  0  0  0  -78  0  -61  0  -65  0  0  -61  0  0  -72  -75  -77  -61  0  0  0  0  0  0  0  0  0  0  0  0  0  0  0  0  0  0  -40  0  -71  0  0  0  0  
0  0  -66  -77  0  0  -41  0  0  0  -77  0  -61  0  -67  0  0  -61  0  0  -72  -74  -77  -60  0  0  0  0  0  0  0  0  0  0  0  0  0  0  0  0  0  0  -40  0  -71  0  0  0  0  
0  0  -66  -76  0  0  -41  0  0  0  -78  0  -61  0  -67  0  0  -61  0  0  -72  -75  -77  -60  0  0  0  0  0  0  0  0  0  0  0  0  0  0  0  0  0  0  -40  0  -71  0  0  0  0  
0  0  -66  -76  0  0  -41  0  0  0  -77  0  -61  0  -67  0  0  -61  0  0  -72  -75  -77  -60  0  0  0  0  0  0  0  0  0  0  0  0  0  0  0  0  0  0  -40  0  -71  0  0  0  0  
0  0  -66  -76  0  0  -41  0  0  0  -77  0  -61  0  -66  0  0  -61  0  0  -71  -75  -76  -60  0  0  0  0  0  0  0  0  0  0  0  0  0  0  0  0  0  0  -40  0  -71  0  0  0  0  
0  0  -66  -76  0  0  -41  0  0  0  -77  0  -61  0  -66  0  0  -61  0  0  -72  -74  -76  -61  0  0  0  0  0  0  0  0  0  0  0  0  0  0  0  0  0  0  -40  0  -71  0  0  0  0  
0  0  -67  -77  0  0  -41  0  0  0  -77  0  -61  0  -67  0  0  -61  0  0  -72  -75  -77  -60  0  0  0  0  0  0  0  0  0  0  0  0  0  0  0  0  0  0  -40  0  -71  0  0  0  0  
0  0  -66  -76  0  0  -41  0  0  0  -77  0  -61  0  -66  0  0  -61  0  0  -72  -75  -76  -60  0  0  0  0  0  0  0  0  0  0  0  0  0  0  0  0  0  0  -40  0  -71  0  0  0  0  
0  0  -66  -76  0  0  -41  0  0  0  -77  0  -61  0  -67  0  0  -61  0  0  -72  -75  -77  -60  0  0  0  0  0  0  0  0  0  0  0  0  0  0  0  0  0  0  -40  0  -71  0  0  0  0  
0  0  -66  -76  0  0  -41  0  0  0  -77  0  -61  0  -67  0  0  -61  0  0  -72  -75  -77  -60  0  0  0  0  0  0  0  0  0  0  0  0  0  0  0  0  0  0  -40  0  -71  0  0  0  0  
0  0  -66  -76  0  0  -41  0  0  0  -77  0  -61  0  -66  0  0  -61  0  0  -72  -75  -77  -60  0  0  0  0  0  0  0  0  0  0  0  0  0  0  0  0  0  0  -40  0  -71  0  0  0  0  
0  0  -66  -76  0  0  -41  0  0  0  -77  0  -61  0  -66  0  0  -61  0  0  -72  -75  -77  -60  0  0  0  0  0  0  0  0  0  0  0  0  0  0  0  0  0  0  -40  0  -71  0  0  0  0  
0  0  -66  -76  0  0  -41  0  0  0  -77  0  -61  0  -67  0  0  -61  0  0  -72  -75  -77  -60  0  0  0  0  0  0  0  0  0  0  0  0  0  0  0  0  0  0  -40  0  -71  0  0  0  0  
0  0  -66  -76  0  0  -41  0  0  0  -77  0  -61  0  -67  0  0  -61  0  0  -72  -74  -77  -60  0  0  0  0  0  0  0  0  0  0  0  0  0  0  0  0  0  0  -40  0  -72  0  0  0  0  
0  0  -66  -76  0  0  -41  0  0  0  -77  0  -61  0  -67  0  0  -61  0  0  -72  -75  -77  -60  0  0  0  0  0  0  0  0  0  0  0  0  0  0  0  0  0  0  -40  0  -72  0  0  0  0  
0  0  -67  -76  0  0  -41  0  0  0  -77  0  -61  0  -67  0  0  -61  0  0  -72  -75  -76  -60  0  0  0  0  0  0  0  0  0  0  0  0  0  0  0  0  0  0  -40  0  -72  0  0  0  0  
0  0  -66  -76  0  0  -41  0  0  0  -77  0  -61  0  -67  0  0  -61  0  0  -72  -75  -77  -60  0  0  0  0  0  0  0  0  0  0  0  0  0  0  0  0  0  0  -40  0  -72  0  0  0  0  
0  0  -66  -76  0  0  -41  0  0  0  -77  0  -61  0  -67  0  0  -61  0  0  -72  -75  -77  -60  0  0  0  0  0  0  0  0  0  0  0  0  0  0  0  0  0  0  -40  0  -72  0  0  0  0  
0  0  -66  -76  0  0  -41  0  0  0  -77  0  -61  0  -67  0  0  -61  0  0  -72  -74  -76  -60  0  0  0  0  0  0  0  0  0  0  0  0  0  0  0  0  0  0  -40  0  -72  0  0  0  0  
0  0  -66  -76  0  0  -41  0  0  0  -77  0  -61  0  -67  0  0  -61  0  0  -72  -75  -77  -60  0  0  0  0  0  0  0  0  0  0  0  0  0  0  0  0  0  0  -40  0  -71  0  0  0  0  
0  0  -66  -77  0  0  -41  0  0  0  -77  0  -61  0  -67  0  0  -61  0  0  -72  -75  -77  -60  0  0  0  0  0  0  0  0  0  0  0  0  0  0  0  0  0  0  -40  0  -72  0  0  0  0  
0  0  -66  -76  0  0  -41  0  0  0  -77  0  -61  0  -65  0  0  -61  0  0  -72  -74  -76  -60  0  0  0  0  0  0  0  0  0  0  0  0  0  0  0  0  0  0  -40  0  -72  0  0  0  0  
0  0  -67  -76  0  0  -41  0  0  0  -77  0  -61  0  -67  0  0  -61  0  0  -72  -74  -77  -60  0  0  0  0  0  0  0  0  0  0  0  0  0  0  0  0  0  0  -40  0  -72  0  0  0  0  
0  0  -66  -76  0  0  -41  0  0  0  -77  0  -61  0  -66  0  0  -61  0  0  -72  -75  -76  -60  0  0  0  0  0  0  0  0  0  0  0  0  0  0  0  0  0  0  -40  0  -71  0  0  0  0  
0  0  -59  -77  0  0  -43  0  0  -81  -72  0  -60  0  -59  0  0  -77  0  0  -64  -76  -72  -74  0  0  0  0  0  0  0  0  0  0  0  0  0  0  0  0  0  0  -42  0  -65  0  0  0  0  
